% Coding: Male 2, Female 3

mpsex = [4
	 4
	 4
	 4
	 5
	 5
	 5
	 5
	 5
	 4
	 4
	 4
	 4
	 5
	 4
	 5
	 4
	 5
	 4
	 4
	 5
	 5
	 4
	 5
	 4
	 5
	 5
	 5
	 4
	 5
	 4
	 4
	 5
	 5
	 4
	 4
	 5
	 4
	 4
	 5
	 4
	 4
	 5
	 5
	 5
	 5
	 5
	 4
	 5
	 5
	 4
	 4
	 5
	 4
	 4
	 4
	 5
	 4
	 4
	 5
	 5
	 5
	 5
	 5
	 5
	 4
	 5
	 4
	 4
	 5
	 5
	 5
	 4
	 4
	 4
	 4
	 5
	 5
	 5
	 4
	 4
	 4
	 4
	 5
	 5
	 4
	 4
	 5
	 5
	 5
	 4
	 4
	 5
	 5
	 4
	 4
	 5
	 5
	 4
	 4
	 5
	 4
	 5
	 5
	 4
	 5
	 4
	 5
	 5
	 4
	 4
	 4
	 5
	 5
	 5
	 5
	 4
	 5
	 5
	 4
	 4
	 4
	 4
	 4
	 4
	 5
	 4
	 4
	 4
	 5
	 4
	 4
	 4
	 5
	 5
	 4
	 4
	 5
	 5
	 4
	 4
	 4
	 4
	 5
	 5
	 5
	 4
	 5
	 5
	 4
	 4
	 4
	 4
	 4
	 5
	 4
	 5
	 4
	 4
	 4
	 5
	 5
	 4
	 4
	 5
	 4
	 5
	 4
	 4
	 5
	 5
	 4
	 5
	 4
	 5
	 5
	 4
	 4
	 5
	 4
	 5
	 4
	 4
	 4
	 5
	 4
	 5
	 4
	 4
	 4
	 5
	 4
	 4
	 4
	 4
	 4
	 4
	 5
	 4
	 4
	 5
	 4
	 4
	 4
	 5
	 5
	 4
	 5
	 5
	 4
	 5
	 4
	 5
	 4
	 4
	 5
	 5
	 4
	 4
	 4
	 5
	 4
	 5
	 5
	 5
	 4
	 5
	 5
	 4
	 5
	 4
	 5
	 5
	 4
	 5
	 4
	 5
	 5
	 5
	 4
	 5
	 4
	 4
	 5
	 5
	 5
	 4
	 4
	 4
	 5
	 4
	 4
	 5
	 4
	 5
	 4
	 5
	 4
	 5
	 5
	 5
	 5
	 4
	 4
	 4
	 4
	 4
	 5
	 5
	 4
	 5
	 4
	 4
	 4
	 4
	 5
	 4
	 4
	 5
	 4
	 5
	 5
	 4
	 5
	 5
	 4
	 4
	 5
	 4
	 4
	 5
	 4
	 4
	 4
	 4
	 5
	 4
	 4
	 4
	 5
	 5
	 4
	 4
	 4
	 4
	 4
	 4
	 5
	 5
	 5
	 4
	 4
	 5
	 5
	 5
	 4
	 5
	 5
	 4
	 5
	 4
	 4
	 4
	 5
	 4
	 5
	 4
	 5
	 5
	 4
	 4
	 5
	 4
	 5
	 5
	 5
	 4
	 5
	 4
	 5
	 5
	 5
	 4
	 4
	 5
	 5
	 5
	 4
 	 5];

 
% mpsex = [0
% 	 0
% 	 0
% 	 0
% 	 1
% 	 1
% 	 1
% 	 1
% 	 1
% 	 0
% 	 0
% 	 0
% 	 0
% 	 1
% 	 0
% 	 1
% 	 0
% 	 1
% 	 0
% 	 0
% 	 1
% 	 1
% 	 0
% 	 1
% 	 0
% 	 1
% 	 1
% 	 1
% 	 0
% 	 1
% 	 0
% 	 0
% 	 1
% 	 1
% 	 0
% 	 0
% 	 1
% 	 0
% 	 0
% 	 1
% 	 0
% 	 0
% 	 1
% 	 1
% 	 1
% 	 1
% 	 1
% 	 0
% 	 1
% 	 1
% 	 0
% 	 0
% 	 1
% 	 0
% 	 0
% 	 0
% 	 1
% 	 0
% 	 0
% 	 1
% 	 1
% 	 1
% 	 1
% 	 1
% 	 1
% 	 0
% 	 1
% 	 0
% 	 0
% 	 1
% 	 1
% 	 1
% 	 0
% 	 0
% 	 0
% 	 0
% 	 1
% 	 1
% 	 1
% 	 0
% 	 0
% 	 0
% 	 0
% 	 1
% 	 1
% 	 0
% 	 0
% 	 1
% 	 1
% 	 1
% 	 0
% 	 0
% 	 1
% 	 1
% 	 0
% 	 0
% 	 1
% 	 1
% 	 0
% 	 0
% 	 1
% 	 0
% 	 1
% 	 1
% 	 0
% 	 1
% 	 0
% 	 1
% 	 1
% 	 0
% 	 0
% 	 0
% 	 1
% 	 1
% 	 1
% 	 1
% 	 0
% 	 1
% 	 1
% 	 0
% 	 0
% 	 0
% 	 0
% 	 0
% 	 0
% 	 1
% 	 0
% 	 0
% 	 0
% 	 1
% 	 0
% 	 0
% 	 0
% 	 1
% 	 1
% 	 0
% 	 0
% 	 1
% 	 1
% 	 0
% 	 0
% 	 0
% 	 0
% 	 1
% 	 1
% 	 1
% 	 0
% 	 1
% 	 1
% 	 0
% 	 0
% 	 0
% 	 0
% 	 0
% 	 1
% 	 0
% 	 1
% 	 0
% 	 0
% 	 0
% 	 1
% 	 1
% 	 0
% 	 0
% 	 1
% 	 0
% 	 1
% 	 0
% 	 0
% 	 1
% 	 1
% 	 0
% 	 1
% 	 0
% 	 1
% 	 1
% 	 0
% 	 0
% 	 1
% 	 0
% 	 1
% 	 0
% 	 0
% 	 0
% 	 1
% 	 0
% 	 1
% 	 0
% 	 0
% 	 0
% 	 1
% 	 0
% 	 0
% 	 0
% 	 0
% 	 0
% 	 0
% 	 1
% 	 0
% 	 0
% 	 1
% 	 0
% 	 0
% 	 0
% 	 1
% 	 1
% 	 0
% 	 1
% 	 1
% 	 0
% 	 1
% 	 0
% 	 1
% 	 0
% 	 0
% 	 1
% 	 1
% 	 0
% 	 0
% 	 0
% 	 1
% 	 0
% 	 1
% 	 1
% 	 1
% 	 0
% 	 1
% 	 1
% 	 0
% 	 1
% 	 0
% 	 1
% 	 1
% 	 0
% 	 1
% 	 0
% 	 1
% 	 1
% 	 1
% 	 0
% 	 1
% 	 0
% 	 0
% 	 1
% 	 1
% 	 1
% 	 0
% 	 0
% 	 0
% 	 1
% 	 0
% 	 0
% 	 1
% 	 0
% 	 1
% 	 0
% 	 1
% 	 0
% 	 1
% 	 1
% 	 1
% 	 1
% 	 0
% 	 0
% 	 0
% 	 0
% 	 0
% 	 1
% 	 1
% 	 0
% 	 1
% 	 0
% 	 0
% 	 0
% 	 0
% 	 1
% 	 0
% 	 0
% 	 1
% 	 0
% 	 1
% 	 1
% 	 0
% 	 1
% 	 1
% 	 0
% 	 0
% 	 1
% 	 0
% 	 0
% 	 1
% 	 0
% 	 0
% 	 0
% 	 0
% 	 1
% 	 0
% 	 0
% 	 0
% 	 1
% 	 1
% 	 0
% 	 0
% 	 0
% 	 0
% 	 0
% 	 0
% 	 1
% 	 1
% 	 1
% 	 0
% 	 0
% 	 1
% 	 1
% 	 1
% 	 0
% 	 1
% 	 1
% 	 0
% 	 1
% 	 0
% 	 0
% 	 0
% 	 1
% 	 0
% 	 1
% 	 0
% 	 1
% 	 1
% 	 0
% 	 0
% 	 1
% 	 0
% 	 1
% 	 1
% 	 1
% 	 0
% 	 1
% 	 0
% 	 1
% 	 1
% 	 1
% 	 0
% 	 0
% 	 1
% 	 1
% 	 1
% 	 0
% 	 1];
